407069 1770807 105942 2000000
2968955 2961853 2700669 3091664
3069788 2289672 3072064 2287523
2206 1896380 105942 2000000
3010408 2580417 2966207 2275132
2511130 2230361 2966207 2275132
65435 2285654 105942 2000000
2811709 3379959 2801189 3200444
168413 3989039 -631655 3592291
165506 2154294 105942 2000000
2720578 3116882 2700669 3091664
786521 1485720 105942 2000000
82364 2011850 105942 2000000
2764729 3156203 2801189 3200444
1795379 1766882 1616322 907350
2708986 3105910 2700669 3091664
579597 439 1616322 907350
2671201 2736834 2700669 3091664
3901 2089464 105942 2000000
144449 813212 105942 2000000
3619265 3169784 2801189 3200444
2239333 3878605 2801189 3200444
2220630 2493371 2966207 2275132
1148022 403837 1616322 907350
996105 3077490 2700669 3091664
3763069 3875159 2801189 3200444
3994575 2268273 3072064 2287523
3025257 2244500 2966207 2275132
2721366 1657084 2966207 2275132
3783491 1332930 3072064 2287523
52706 2020407 105942 2000000
2543090 47584 3450858 -772833
3499766 2477193 3072064 2287523